# Exported from Wings 3D 2.1.5
mtllib ./sbu(hor).mtl
o Shape_IndexedFaceSet_Shape_IndexedFaceSet.401
#64 vertices, 124 faces
v -7.84537189 53.84419439 18.32846750
v -7.28504116 37.99409887 18.12791104
v -7.83920975 53.84362157 18.39103053
v -7.27888003 37.99352504 18.19047505
v -7.82096943 53.84350342 18.45119470
v -7.26063870 37.99340790 18.25063823
v -7.79134934 53.84385067 18.50664688
v -7.23101861 37.99375512 18.30609241
v -7.75148824 53.84464354 18.55525845
v -7.19115753 37.99454702 18.35470198
v -7.70291895 53.84585796 18.59515878
v -7.14258725 37.99576043 18.39460229
v -7.64750559 53.84744152 18.62481379
v -7.08717589 37.99734401 18.42425729
v -7.58738129 53.84933568 18.64308536
v -7.02705060 37.99923713 18.44253085
v -7.52485431 53.85146593 18.64927219
v -6.96452359 38.00137038 18.44871773
v -7.46232686 53.85375634 18.64313698
v -6.90199716 38.00365883 18.44258049
v -7.40220426 53.85611229 18.62491222
v -6.84187356 38.00601477 18.42435573
v -7.34679464 53.85844625 18.59530056
v -6.78646396 38.00834673 18.39474404
v -7.29822911 53.86066531 18.55543964
v -6.73789840 38.01056879 18.35488316
v -7.25837251 53.86268977 18.50686134
v -6.69804180 38.01259325 18.30630486
v -7.22875761 53.86443625 18.45143155
v -6.66842689 38.01434071 18.25087609
v -7.21052086 53.86584303 18.39128355
v -6.65019114 38.01574653 18.19072707
v -7.20436553 53.86685309 18.32872470
v -6.64403582 38.01675659 18.12816823
v -7.21052667 53.86742591 18.26616068
v -6.65019695 38.01733039 18.06560522
v -7.22876899 53.86754407 18.20599751
v -6.66843830 38.01744555 18.00544100
v -7.25838908 53.86719685 18.15054333
v -6.69805837 38.01710030 17.94998885
v -7.29825018 53.86640396 18.10193375
v -6.73791948 38.01630644 17.90137726
v -7.34681942 53.86519353 18.06203349
v -6.78648873 38.01509501 17.86147698
v -7.40223178 53.86360996 18.03237848
v -6.84190111 38.01351044 17.83182195
v -7.46235613 53.86171183 18.01410484
v -6.90202641 38.01161629 17.81355038
v -7.52488410 53.85958159 18.00791802
v -6.96455340 38.00948404 17.80736352
v -7.58741052 53.85729414 18.01405527
v -7.02708082 38.00719663 17.81349878
v -7.64753416 53.85493520 18.03227998
v -7.08720344 38.00483968 17.83172352
v -7.70294374 53.85260424 18.06189169
v -7.14261304 38.00250672 17.86133520
v -7.75151031 53.85038219 18.10175257
v -7.19117858 38.00028666 17.90119611
v -7.79136591 53.84835772 18.15033087
v -7.23103518 37.99826221 17.94977440
v -7.82098080 53.84661126 18.20575965
v -7.26065010 37.99651372 18.00520416
v -7.83921656 53.84520445 18.26590865
v -7.27888586 37.99510689 18.06535416
vn -0.99455840 -3.6394652e-2 9.7616646e-2
vn -0.99456823 -3.3914693e-2 -9.8406493e-2
vn -3.5476907e-2 0.99929051 1.2643659e-2
vn -0.99455840 -3.6394652e-2 9.7616646e-2
vn -0.99456823 -3.3914693e-2 -9.8406493e-2
vn 3.5265720e-2 -0.99929806 -1.2638189e-2
vn 3.5500792e-2 -0.99929010 -1.2609249e-2
vn 3.5310787e-2 -0.99929635 -1.2647140e-2
vn -0.99455929 -3.6394605e-2 9.7607627e-2
vn -0.99456815 -3.3914677e-2 -9.8407282e-2
vn -0.99455752 -3.6394699e-2 9.7625665e-2
vn -3.5476907e-2 0.99929051 1.2643659e-2
vn -3.5587392e-2 0.99928521 1.2751556e-2
vn -3.5326939e-2 0.99929582 1.2643718e-2
vn -0.95633395 -3.7475865e-2 0.28986364
vn -0.99455840 -3.6394652e-2 9.7616646e-2
vn -0.95633097 -3.7475924e-2 0.28987346
vn 3.5265720e-2 -0.99929806 -1.2638189e-2
vn -0.99455840 -3.6394652e-2 9.7616646e-2
vn -0.95633097 -3.7475924e-2 0.28987346
vn -0.95633097 -3.7475924e-2 0.28987346
vn -0.88135072 -3.7117125e-2 0.47100237
vn -3.5587392e-2 0.99928521 1.2751556e-2
vn -0.95633097 -3.7475924e-2 0.28987346
vn -0.88135072 -3.7117125e-2 0.47100237
vn -0.95632799 -3.7475984e-2 0.28988329
vn 3.5265720e-2 -0.99929806 -1.2638189e-2
vn 3.5058173e-2 -0.99930749 -1.2468873e-2
vn 3.5310787e-2 -0.99929635 -1.2647140e-2
vn 3.5351970e-2 -0.99929467 -1.2665175e-2
vn 3.5319571e-2 -0.99929604 -1.2647137e-2
vn 3.5327412e-2 -0.99929585 -1.2640613e-2
vn 3.5326534e-2 -0.99929583 -1.2644248e-2
vn 3.5327726e-2 -0.99929583 -1.2641370e-2
vn -0.88135425 -3.7117196e-2 0.47099575
vn -0.88134719 -3.7117055e-2 0.47100898
vn -3.5587392e-2 0.99928521 1.2751556e-2
vn -3.5532551e-2 0.99928606 1.2837823e-2
vn -3.5326939e-2 0.99929582 1.2643718e-2
vn -3.5313617e-2 0.99929661 1.2618850e-2
vn -3.5330730e-2 0.99929568 1.2644471e-2
vn -0.77250545 -3.5331962e-2 0.63402443
vn -0.88135072 -3.7117125e-2 0.47100237
vn -0.77249923 -3.5331877e-2 0.63403202
vn 3.5058173e-2 -0.99930749 -1.2468873e-2
vn -0.88135072 -3.7117125e-2 0.47100237
vn -0.77249923 -3.5331877e-2 0.63403202
vn -0.77249923 -3.5331877e-2 0.63403202
vn -0.63396526 -3.2189001e-2 0.77269135
vn -3.5532551e-2 0.99928606 1.2837823e-2
vn -0.77249923 -3.5331877e-2 0.63403202
vn -0.63396526 -3.2189001e-2 0.77269135
vn -0.77249300 -3.5331792e-2 0.63403961
vn 3.5275777e-2 -0.99929880 -1.2551104e-2
vn 3.5058173e-2 -0.99930749 -1.2468873e-2
vn 3.5351970e-2 -0.99929467 -1.2665175e-2
vn -0.63396154 -3.2188888e-2 0.77269441
vn -0.63396899 -3.2189113e-2 0.77268829
vn -3.5532551e-2 0.99928606 1.2837823e-2
vn -3.5325219e-2 0.99929584 1.2646875e-2
vn -3.5313617e-2 0.99929661 1.2618850e-2
vn -0.47104120 -2.7808316e-2 0.88167278
vn -0.63396526 -3.2189001e-2 0.77269135
vn -0.47104780 -2.7808475e-2 0.88166924
vn 3.5275777e-2 -0.99929880 -1.2551104e-2
vn -0.63396526 -3.2189001e-2 0.77269135
vn -0.47104780 -2.7808475e-2 0.88166924
vn -0.47104780 -2.7808475e-2 0.88166924
vn -0.29006133 -2.2360175e-2 0.95674680
vn -3.5325219e-2 0.99929584 1.2646875e-2
vn -0.47104780 -2.7808475e-2 0.88166924
vn -0.29006133 -2.2360175e-2 0.95674680
vn -0.47105440 -2.7808634e-2 0.88166571
vn 3.5362328e-2 -0.99929224 -1.2827042e-2
vn 3.5275777e-2 -0.99929880 -1.2551104e-2
vn 3.5327412e-2 -0.99929571 -1.2651386e-2
vn 3.5351970e-2 -0.99929467 -1.2665175e-2
vn 3.5327412e-2 -0.99929585 -1.2640613e-2
vn -0.29007376 -2.2360618e-2 0.95674302
vn -0.29004890 -2.2359731e-2 0.95675058
vn -3.5325219e-2 0.99929584 1.2646875e-2
vn -3.5330182e-2 0.99929131 1.2986820e-2
vn -3.5313617e-2 0.99929661 1.2618850e-2
vn -3.5330196e-2 0.99929571 1.2643753e-2
vn -3.5330730e-2 0.99929568 1.2644471e-2
vn -3.5333059e-2 0.99929579 1.2629356e-2
vn -3.5325362e-2 0.99929592 1.2640884e-2
vn -9.7911358e-2 -1.6052118e-2 0.99506567
vn -0.29006133 -2.2360175e-2 0.95674680
vn -9.7911335e-2 -1.6052117e-2 0.99506568
vn 3.5362328e-2 -0.99929224 -1.2827042e-2
vn -0.29006133 -2.2360175e-2 0.95674680
vn -9.7911335e-2 -1.6052117e-2 0.99506568
vn -9.7911335e-2 -1.6052117e-2 0.99506568
vn 9.7995023e-2 -9.1275292e-3 0.99514505
vn -3.5330182e-2 0.99929131 1.2986820e-2
vn -9.7911335e-2 -1.6052117e-2 0.99506568
vn 9.7995023e-2 -9.1275292e-3 0.99514505
vn -9.7911313e-2 -1.6052116e-2 0.99506568
vn 3.5336873e-2 -0.99929598 -1.2603802e-2
vn 3.5362328e-2 -0.99929224 -1.2827042e-2
vn 3.5327412e-2 -0.99929571 -1.2651386e-2
vn 9.8011671e-2 -9.1268536e-3 0.99514341
vn 9.7978375e-2 -9.1282048e-3 0.99514668
vn -3.5330182e-2 0.99929131 1.2986820e-2
vn -3.5312854e-2 0.99929579 1.2685646e-2
vn -3.5330196e-2 0.99929571 1.2643753e-2
vn 0.29015774 -1.8513426e-3 0.95697704
vn 9.7995023e-2 -9.1275292e-3 0.99514505
vn 0.29015554 -1.8514199e-3 0.95697771
vn 3.5336873e-2 -0.99929598 -1.2603802e-2
vn 9.7995023e-2 -9.1275292e-3 0.99514505
vn 0.29015554 -1.8514199e-3 0.95697771
vn 0.29015554 -1.8514199e-3 0.95697771
vn 0.47114308 5.4950525e-3 0.88203968
vn -3.5312854e-2 0.99929579 1.2685646e-2
vn 0.29015554 -1.8514199e-3 0.95697771
vn 0.47114308 5.4950525e-3 0.88203968
vn 0.29015333 -1.8514971e-3 0.95697838
vn 3.5215455e-2 -0.99929776 -1.2800591e-2
vn 3.5336873e-2 -0.99929598 -1.2603802e-2
vn 3.5314622e-2 -0.99929615 -1.2652069e-2
vn 3.5327412e-2 -0.99929571 -1.2651386e-2
vn 3.5323602e-2 -0.99929595 -1.2643081e-2
vn 3.5327412e-2 -0.99929585 -1.2640613e-2
vn 3.5327726e-2 -0.99929583 -1.2641370e-2
vn 0.47114344 5.4950694e-3 0.88203949
vn 0.47114272 5.4950356e-3 0.88203988
vn -3.5312854e-2 0.99929579 1.2685646e-2
vn -3.5149054e-2 0.99930002 1.2806443e-2
vn -3.5330196e-2 0.99929571 1.2643753e-2
vn -3.5311728e-2 0.99929636 1.2643625e-2
vn -3.5333059e-2 0.99929579 1.2629356e-2
vn 0.63403799 1.2630891e-2 0.77319874
vn 0.47114308 5.4950525e-3 0.88203968
vn 0.63403737 1.2630866e-2 0.77319924
vn 3.5215455e-2 -0.99929776 -1.2800591e-2
vn 0.47114308 5.4950525e-3 0.88203968
vn 0.63403737 1.2630866e-2 0.77319924
vn 0.63403737 1.2630866e-2 0.77319924
vn 0.77255511 1.9280778e-2 0.63465491
vn -3.5149054e-2 0.99930002 1.2806443e-2
vn 0.63403737 1.2630866e-2 0.77319924
vn 0.77255511 1.9280778e-2 0.63465491
vn 0.63403676 1.2630841e-2 0.77319975
vn 3.5434963e-2 -0.99929291 -1.2571569e-2
vn 3.5215455e-2 -0.99929776 -1.2800591e-2
vn 3.5314622e-2 -0.99929615 -1.2652069e-2
vn 0.77255511 1.9280778e-2 0.63465491
vn 0.77255511 1.9280778e-2 0.63465491
vn -3.5149054e-2 0.99930002 1.2806443e-2
vn -3.5111897e-2 0.99930235 1.2726523e-2
vn -3.5311728e-2 0.99929636 1.2643625e-2
vn 0.88139689 2.5190407e-2 0.47170433
vn 0.77255511 1.9280778e-2 0.63465491
vn 0.88139496 2.5190310e-2 0.47170794
vn 3.5434963e-2 -0.99929291 -1.2571569e-2
vn 0.77255511 1.9280778e-2 0.63465491
vn 0.88139496 2.5190310e-2 0.47170794
vn 0.88139496 2.5190310e-2 0.47170794
vn 0.95635241 3.0131043e-2 0.29065819
vn -3.5111897e-2 0.99930235 1.2726523e-2
vn 0.88139496 2.5190310e-2 0.47170794
vn 0.95635241 3.0131043e-2 0.29065819
vn 0.88139302 2.5190212e-2 0.47171155
vn 3.5263140e-2 -0.99929781 -1.2664810e-2
vn 3.5434963e-2 -0.99929291 -1.2571569e-2
vn 3.5372200e-2 -0.99929423 -1.2643062e-2
vn 3.5314622e-2 -0.99929615 -1.2652069e-2
vn 3.5323602e-2 -0.99929595 -1.2643081e-2
vn 0.95635539 3.0131313e-2 0.29064835
vn 0.95634943 3.0130772e-2 0.29066803
vn -3.5111897e-2 0.99930235 1.2726523e-2
vn -3.5480498e-2 0.99929039 1.2643304e-2
vn -3.5311728e-2 0.99929636 1.2643625e-2
vn -3.5324011e-2 0.99929593 1.2643367e-2
vn -3.5333059e-2 0.99929579 1.2629356e-2
vn -3.5331178e-2 0.99929566 1.2644790e-2
vn -3.5325362e-2 0.99929592 1.2640884e-2
vn -3.5325366e-2 0.99929592 1.2640907e-2
vn 0.99456831 3.3914637e-2 9.8405704e-2
vn 0.95635241 3.0131043e-2 0.29065819
vn 0.99456831 3.3914637e-2 9.8405704e-2
vn 3.5263140e-2 -0.99929781 -1.2664810e-2
vn 0.95635241 3.0131043e-2 0.29065819
vn 0.99456831 3.3914637e-2 9.8405704e-2
vn 0.99456831 3.3914637e-2 9.8405704e-2
vn 0.99455918 3.6394549e-2 -9.7608779e-2
vn -3.5480498e-2 0.99929039 1.2643304e-2
vn 0.99456831 3.3914637e-2 9.8405704e-2
vn 0.99455918 3.6394549e-2 -9.7608779e-2
vn 0.99456831 3.3914637e-2 9.8405704e-2
vn 3.5427110e-2 -0.99929215 -1.2653968e-2
vn 3.5263140e-2 -0.99929781 -1.2664810e-2
vn 3.5372200e-2 -0.99929423 -1.2643062e-2
vn 0.99455914 3.6394554e-2 -9.7609182e-2
vn 0.99455922 3.6394543e-2 -9.7608376e-2
vn -3.5480498e-2 0.99929039 1.2643304e-2
vn -3.5593482e-2 0.99928495 1.2754942e-2
vn -3.5324011e-2 0.99929593 1.2643367e-2
vn 0.95632379 3.7475932e-2 -0.28989716
vn 0.99455918 3.6394549e-2 -9.7608779e-2
vn 0.95632636 3.7475951e-2 -0.28988869
vn 3.5427110e-2 -0.99929215 -1.2653968e-2
vn 0.99455918 3.6394549e-2 -9.7608779e-2
vn 0.95632636 3.7475951e-2 -0.28988869
vn 0.95632636 3.7475951e-2 -0.28988869
vn 0.88135102 3.7117124e-2 -0.47100180
vn -3.5593482e-2 0.99928495 1.2754942e-2
vn 0.95632636 3.7475951e-2 -0.28988869
vn 0.88135102 3.7117124e-2 -0.47100180
vn 0.95632892 3.7475970e-2 -0.28988023
vn 3.5326509e-2 -0.99929578 -1.2648163e-2
vn 3.5427110e-2 -0.99929215 -1.2653968e-2
vn 3.5334638e-2 -0.99929543 -1.2653595e-2
vn 3.5372200e-2 -0.99929423 -1.2643062e-2
vn 3.5327412e-2 -0.99929577 -1.2646367e-2
vn 3.5323602e-2 -0.99929595 -1.2643081e-2
vn 3.5326534e-2 -0.99929583 -1.2644248e-2
vn 3.5327726e-2 -0.99929583 -1.2641370e-2
vn 0.88134779 3.7117113e-2 -0.47100785
vn 0.88135425 3.7117134e-2 -0.47099575
vn -3.5593482e-2 0.99928495 1.2754942e-2
vn -3.5280519e-2 0.99929763 1.2630815e-2
vn -3.5324011e-2 0.99929593 1.2643367e-2
vn -3.5405015e-2 0.99929164 1.2755335e-2
vn -3.5331178e-2 0.99929566 1.2644790e-2
vn 0.77249266 3.5331705e-2 -0.63404004
vn 0.88135102 3.7117124e-2 -0.47100180
vn 0.77249888 3.5331868e-2 -0.63403244
vn 3.5326509e-2 -0.99929578 -1.2648163e-2
vn 0.88135102 3.7117124e-2 -0.47100180
vn 0.77249888 3.5331868e-2 -0.63403244
vn 0.77249888 3.5331868e-2 -0.63403244
vn 0.63397017 3.2189101e-2 -0.77268731
vn -3.5280519e-2 0.99929763 1.2630815e-2
vn 0.77249888 3.5331868e-2 -0.63403244
vn 0.63397017 3.2189101e-2 -0.77268731
vn 0.77250510 3.5332030e-2 -0.63402485
vn 3.5399803e-2 -0.99929188 -1.2751156e-2
vn 3.5326509e-2 -0.99929578 -1.2648163e-2
vn 3.5334638e-2 -0.99929543 -1.2653595e-2
vn 0.63397000 3.2189098e-2 -0.77268745
vn 0.63397034 3.2189105e-2 -0.77268718
vn -3.5280519e-2 0.99929763 1.2630815e-2
vn -3.5477268e-2 0.99928684 1.2929857e-2
vn -3.5405015e-2 0.99929164 1.2755335e-2
vn 0.47104780 2.7808474e-2 -0.88166924
vn 0.63397017 3.2189101e-2 -0.77268731
vn 0.47104767 2.7808469e-2 -0.88166932
vn 3.5399803e-2 -0.99929188 -1.2751156e-2
vn 0.63397017 3.2189101e-2 -0.77268731
vn 0.47104767 2.7808469e-2 -0.88166932
vn 0.47104767 2.7808469e-2 -0.88166932
vn 0.29006094 2.2360163e-2 -0.95674692
vn -3.5477268e-2 0.99928684 1.2929857e-2
vn 0.47104767 2.7808469e-2 -0.88166932
vn 0.29006094 2.2360163e-2 -0.95674692
vn 0.47104753 2.7808465e-2 -0.88166939
vn 3.5330675e-2 -0.99929539 -1.2667497e-2
vn 3.5399803e-2 -0.99929188 -1.2751156e-2
vn 3.5327412e-2 -0.99929571 -1.2651079e-2
vn 3.5334638e-2 -0.99929543 -1.2653595e-2
vn 3.5327412e-2 -0.99929577 -1.2646367e-2
vn 0.29004449 2.2359712e-2 -0.95675192
vn 0.29007739 2.2360613e-2 -0.95674192
vn -3.5477268e-2 0.99928684 1.2929857e-2
vn -3.5306319e-2 0.99929518 1.2752045e-2
vn -3.5405015e-2 0.99929164 1.2755335e-2
vn -3.5306321e-2 0.99929583 1.2700426e-2
vn -3.5331178e-2 0.99929566 1.2644790e-2
vn -3.5315098e-2 0.99929608 1.2656286e-2
vn -3.5325366e-2 0.99929592 1.2640907e-2
vn 9.7909810e-2 1.6052059e-2 -0.99506583
vn 0.29006094 2.2360163e-2 -0.95674692
vn 9.7910569e-2 1.6052088e-2 -0.99506575
vn 3.5330675e-2 -0.99929539 -1.2667497e-2
vn 0.29006094 2.2360163e-2 -0.95674692
vn 9.7910569e-2 1.6052088e-2 -0.99506575
vn 9.7910569e-2 1.6052088e-2 -0.99506575
vn -9.7995290e-2 9.1275200e-3 -0.99514502
vn -3.5306319e-2 0.99929518 1.2752045e-2
vn 9.7910569e-2 1.6052088e-2 -0.99506575
vn -9.7995290e-2 9.1275200e-3 -0.99514502
vn 9.7911328e-2 1.6052117e-2 -0.99506568
vn 3.5303575e-2 -0.99929503 -1.2770965e-2
vn 3.5330675e-2 -0.99929539 -1.2667497e-2
vn 3.5327412e-2 -0.99929571 -1.2651079e-2
vn -9.7978770e-2 9.1280586e-3 -0.99514664
vn -9.8011809e-2 9.1269813e-3 -0.99514340
vn -3.5306319e-2 0.99929518 1.2752045e-2
vn -3.5497010e-2 0.99929483 1.2239781e-2
vn -3.5306321e-2 0.99929583 1.2700426e-2
vn -0.29015253 1.8515467e-3 -0.95697862
vn -9.7995290e-2 9.1275200e-3 -0.99514502
vn -0.29015500 1.8514396e-3 -0.95697787
vn 3.5303575e-2 -0.99929503 -1.2770965e-2
vn -9.7995290e-2 9.1275200e-3 -0.99514502
vn -0.29015500 1.8514396e-3 -0.95697787
vn -0.29015500 1.8514396e-3 -0.95697787
vn -0.47114344 -5.4950710e-3 -0.88203949
vn -3.5497010e-2 0.99929483 1.2239781e-2
vn -0.29015500 1.8514396e-3 -0.95697787
vn -0.47114344 -5.4950710e-3 -0.88203949
vn -0.29015747 1.8513325e-3 -0.95697712
vn 3.5343826e-2 -0.99929586 -1.2593965e-2
vn 3.5303575e-2 -0.99929503 -1.2770965e-2
vn 3.5285663e-2 -0.99929681 -1.2681075e-2
vn 3.5327412e-2 -0.99929571 -1.2651079e-2
vn 3.5319571e-2 -0.99929604 -1.2647137e-2
vn 3.5327412e-2 -0.99929577 -1.2646367e-2
vn 3.5326534e-2 -0.99929583 -1.2644248e-2
vn -0.47114308 -5.4950574e-3 -0.88203968
vn -0.47114380 -5.4950847e-3 -0.88203930
vn -3.5497010e-2 0.99929483 1.2239781e-2
vn -3.5332320e-2 0.99929547 1.2656877e-2
vn -3.5306321e-2 0.99929583 1.2700426e-2
vn -3.5368800e-2 0.99929464 1.2620364e-2
vn -3.5315098e-2 0.99929608 1.2656286e-2
vn -0.63402898 -1.2630483e-2 -0.77320614
vn -0.47114344 -5.4950710e-3 -0.88203949
vn -0.63403328 -1.2630702e-2 -0.77320261
vn 3.5343826e-2 -0.99929586 -1.2593965e-2
vn -0.47114344 -5.4950710e-3 -0.88203949
vn -0.63403328 -1.2630702e-2 -0.77320261
vn -0.63403328 -1.2630702e-2 -0.77320261
vn -0.77255900 -1.9281003e-2 -0.63465017
vn -3.5332320e-2 0.99929547 1.2656877e-2
vn -0.63403328 -1.2630702e-2 -0.77320261
vn -0.77255900 -1.9281003e-2 -0.63465017
vn -0.63403758 -1.2630921e-2 -0.77319908
vn 3.5371812e-2 -0.99929449 -1.2623448e-2
vn 3.5343826e-2 -0.99929586 -1.2593965e-2
vn 3.5285663e-2 -0.99929681 -1.2681075e-2
vn -0.77255510 -1.9280830e-2 -0.63465491
vn -0.77256289 -1.9281176e-2 -0.63464542
vn -3.5332320e-2 0.99929547 1.2656877e-2
vn -3.5107922e-2 0.99930247 1.2728584e-2
vn -3.5368800e-2 0.99929464 1.2620364e-2
vn -0.88139336 -2.5190202e-2 -0.47171094
vn -0.77255900 -1.9281003e-2 -0.63465017
vn -0.88139479 -2.5190298e-2 -0.47170825
vn 3.5371812e-2 -0.99929449 -1.2623448e-2
vn -0.77255900 -1.9281003e-2 -0.63465017
vn -0.88139479 -2.5190298e-2 -0.47170825
vn -0.88139479 -2.5190298e-2 -0.47170825
vn -0.95635585 -3.0131352e-2 -0.29064686
vn -3.5107922e-2 0.99930247 1.2728584e-2
vn -0.88139479 -2.5190298e-2 -0.47170825
vn -0.95635585 -3.0131352e-2 -0.29064686
vn -0.88139623 -2.5190395e-2 -0.47170556
vn 3.5500792e-2 -0.99929010 -1.2609249e-2
vn 3.5371812e-2 -0.99929449 -1.2623448e-2
vn 3.5310787e-2 -0.99929635 -1.2647140e-2
vn 3.5285663e-2 -0.99929681 -1.2681075e-2
vn 3.5319571e-2 -0.99929604 -1.2647137e-2
vn -0.95635652 -3.0131394e-2 -0.29064465
vn -0.95635518 -3.0131309e-2 -0.29064907
vn -0.99456830 -3.3914709e-2 -9.8405705e-2
vn -3.5476907e-2 0.99929051 1.2643659e-2
vn -3.5107922e-2 0.99930247 1.2728584e-2
vn -3.5326939e-2 0.99929582 1.2643718e-2
vn -3.5368800e-2 0.99929464 1.2620364e-2
vn -3.5330730e-2 0.99929568 1.2644471e-2
vn -3.5315098e-2 0.99929608 1.2656286e-2
vn -3.5325362e-2 0.99929592 1.2640884e-2
vn -3.5325366e-2 0.99929592 1.2640907e-2
vn 3.5500792e-2 -0.99929010 -1.2609249e-2
vn -0.95635585 -3.0131352e-2 -0.29064686
vn -0.99456823 -3.3914693e-2 -9.8406493e-2
vn -0.95635585 -3.0131352e-2 -0.29064686
vn -0.99456823 -3.3914693e-2 -9.8406493e-2
g Shape_IndexedFaceSet_Shape_IndexedFaceSet.401_Shape9
usemtl Shape9
s 1
f 2//6 6//27 4//18
f 2//7 64//368 62//352
f 3//12 63//360 1//3
f 5//23 7//37 3//13
f 6//30 14//77 10//56
f 6//34 38//220 22//126
f 6//31 62//356 54//310
f 8//47 9//51 7//42
f 10//53 9//48 8//44
f 11//61 15//83 7//40
f 12//67 13//71 11//62
f 14//73 13//68 12//64
f 14//74 18//101 16//91
f 17//96 19//105 15//82
f 18//100 22//121 20//111
f 21//116 23//129 19//106
f 22//122 30//169 26//148
f 25//142 27//151 23//130
f 29//162 31//173 27//152
f 30//166 34//194 32//184
f 31//179 63//366 15//87
f 33//189 35//198 31//174
f 34//193 38//214 36//204
f 37//209 39//223 35//199
f 38//213 42//241 40//231
f 39//227 47//271 31//178
f 41//236 43//245 39//224
f 42//240 46//261 44//251
f 45//256 47//267 43//246
f 46//262 54//309 50//288
f 48//279 49//283 47//274
f 50//285 49//280 48//276
f 51//293 55//317 47//270
f 52//299 53//303 51//294
f 54//305 53//300 52//296
f 54//306 58//333 56//323
f 58//332 62//353 60//343
f 59//339 63//363 55//318
s 2
f 1//1 4//16 3//11
f 2//9 4//19 1//4
f 2//8 62//354 6//29
f 5//22 8//43 7//36
f 6//35 8//46 5//25
f 6//33 54//312 38//219
f 9//50 11//59 7//38
f 10//54 14//75 12//65
f 13//70 15//81 11//60
f 14//76 22//123 18//102
f 15//85 63//364 7//41
f 16//93 17//97 15//88
f 18//99 17//94 16//90
f 20//113 21//117 19//108
f 22//119 21//114 20//110
f 22//120 26//147 24//137
f 23//133 31//177 15//86
f 25//141 28//155 27//150
f 26//149 28//158 25//144
f 29//161 32//182 31//172
f 30//171 32//185 29//164
f 30//168 38//216 34//195
f 35//200 39//225 31//176
f 36//206 37//210 35//201
f 38//212 37//207 36//203
f 38//215 46//263 42//242
f 41//235 44//249 43//244
f 42//243 44//252 41//238
f 43//247 47//269 39//226
f 45//255 48//275 47//266
f 46//265 48//278 45//258
f 47//273 63//367 31//180
f 49//282 51//291 47//268
f 50//286 54//307 52//297
f 53//302 55//315 51//292
f 54//308 62//355 58//334
f 56//325 57//329 55//320
f 58//331 57//326 56//322
f 61//348 63//361 59//338
s 3
f 1//5 64//372 2//10
f 4//20 5//24 3//15
f 6//26 5//21 4//17
f 6//28 10//55 8//45
f 6//32 22//125 14//78
f 7//39 63//362 3//14
f 9//49 12//63 11//58
f 10//57 12//66 9//52
f 13//69 16//89 15//80
f 14//79 16//92 13//72
f 17//95 20//109 19//104
f 18//103 20//112 17//98
f 19//107 23//131 15//84
f 22//124 38//218 30//170
f 24//139 25//143 23//134
f 26//145 25//140 24//136
f 26//146 30//167 28//157
f 27//153 31//175 23//132
f 33//188 36//202 35//197
f 34//196 36//205 33//191
f 37//208 40//229 39//222
f 38//221 40//232 37//211
f 38//217 54//311 46//264
f 44//253 45//257 43//248
f 46//259 45//254 44//250
f 46//260 50//287 48//277
f 49//281 52//295 51//290
f 50//289 52//298 49//284
f 53//301 56//321 55//314
f 54//313 56//324 53//304
f 55//319 63//365 47//272
f 57//327 60//341 59//336
f 58//335 60//344 57//330
f 63//359 64//370 1//2
s 4
f 21//115 24//135 23//128
f 22//127 24//138 21//118
f 28//159 29//163 27//154
f 30//165 29//160 28//156
f 32//186 33//190 31//181
f 34//192 33//187 32//183
f 40//233 41//237 39//228
f 42//239 41//234 40//230
f 57//328 59//337 55//316
f 60//345 61//349 59//340
f 62//351 61//346 60//342
s 5
f 61//347 64//369 63//358
f 62//357 64//371 61//350
o Shape_IndexedFaceSet.001_Shape_IndexedFaceSet.402
#8 vertices, 12 faces
v -4.76581871 -5.69527616 3.73691164
v -4.76582018 -5.75291979 7.25035681
v -5.07721012 -5.69136342 3.73697562
v -5.07721160 -5.74900705 7.25042078
v -4.72166268 -2.18210844 3.79455274
v -4.72166415 -2.23975205 7.30799690
v -5.03305409 -2.17819570 3.79461671
v -5.03305556 -2.23583932 7.30806188
vn -1.2566040e-2 -0.99978649 -1.6403085e-2
vn 0.99992104 -1.2564356e-2 -2.0571815e-4
vn 7.1168249e-7 1.6404940e-2 -0.99986543
vn -1.2566040e-2 -0.99978649 -1.6403085e-2
vn 7.1168249e-7 1.6404940e-2 -0.99986543
vn 0.99992104 -1.2564356e-2 -2.0571815e-4
vn -1.2566040e-2 -0.99978649 -1.6403085e-2
vn -7.0810641e-7 -1.6404656e-2 0.99986543
vn 0.99992104 -1.2564356e-2 -2.0571815e-4
vn -1.2566040e-2 -0.99978649 -1.6403085e-2
vn -0.99992104 1.2564356e-2 2.0571815e-4
vn 7.1168249e-7 1.6404940e-2 -0.99986543
vn -1.2566040e-2 -0.99978649 -1.6403085e-2
vn -0.99992104 1.2564356e-2 2.0571815e-4
vn 8.9554818e-7 -1.6404818e-2 0.99986543
vn -1.2566040e-2 -0.99978649 -1.6403085e-2
vn -0.99992104 1.2564356e-2 2.0571815e-4
vn 8.9554818e-7 -1.6404818e-2 0.99986543
vn 0.99992104 -1.2564356e-2 -2.0571815e-4
vn 7.1168249e-7 1.6404940e-2 -0.99986543
vn 1.2566040e-2 0.99978649 1.6403085e-2
vn 1.2566040e-2 0.99978649 1.6403085e-2
vn 0.99992104 -1.2564356e-2 -2.0571815e-4
vn 8.9554818e-7 -1.6404818e-2 0.99986543
vn 1.2566040e-2 0.99978649 1.6403085e-2
vn 8.9554818e-7 -1.6404818e-2 0.99986543
vn 0.99992104 -1.2564356e-2 -2.0571815e-4
vn -0.99992104 1.2564356e-2 2.0571815e-4
vn 1.2566040e-2 0.99978649 1.6403085e-2
vn 7.1168249e-7 1.6404940e-2 -0.99986543
vn -0.99992104 1.2564356e-2 2.0571815e-4
vn 1.2566040e-2 0.99978649 1.6403085e-2
vn 7.1168249e-7 1.6404940e-2 -0.99986543
vn -0.99992104 1.2564356e-2 2.0571815e-4
vn 1.2566040e-2 0.99978649 1.6403085e-2
vn 2.4992028e-6 -1.6404981e-2 0.99986543
g Shape_IndexedFaceSet.001_Shape_IndexedFaceSet.402_Shape8
usemtl Shape8
s 1
f 65//373 68//385 67//382
f 66//379 68//388 65//376
f 69//393 71//404 70//397
f 70//394 71//401 72//407
s 2
f 65//375 71//402 69//392
f 66//380 70//398 68//390
f 67//384 71//405 65//377
f 68//387 70//396 72//408
s 3
f 65//378 70//399 66//381
f 68//389 71//403 67//383
f 69//391 70//395 65//374
f 72//406 71//400 68//386
o Shape_IndexedFaceSet.002_Shape_IndexedFaceSet.403
#16 vertices, 28 faces
v 7.96881269 26.67308381 16.76878142
v 7.96881238 26.66596700 17.20254404
v 6.36805370 26.75761733 16.77016723
v 6.36805339 26.75050052 17.20392985
v 9.41752322 54.09912848 17.21872162
v 9.41752291 54.09201167 17.65248425
v 7.81676423 54.18366199 17.22010744
v 7.81676392 54.17654519 17.65387006
v 7.79212120 53.71714358 17.21245519
v 7.79212090 53.71002680 17.64621581
v 9.39288020 53.63261006 17.21106937
v 9.39287989 53.62549328 17.64482999
v 7.79212020 53.69286214 18.69262904
v 7.81676317 54.15937653 18.70028323
v 9.41752217 54.07484301 18.69889741
v 9.39287920 53.60832863 18.69124322
vn -5.2741984e-2 -0.99847379 -1.6382145e-2
vn 0.99860818 -5.2734721e-2 -8.6451560e-4
vn 6.2964163e-7 1.6403387e-2 -0.99986546
vn -5.2741984e-2 -0.99847379 -1.6382145e-2
vn 6.2964163e-7 1.6403387e-2 -0.99986546
vn 0.99860818 -5.2734721e-2 -8.6451560e-4
vn -5.2741984e-2 -0.99847379 -1.6382145e-2
vn -6.2573493e-7 -1.6403313e-2 0.99986546
vn 0.99860818 -5.2734721e-2 -8.6451560e-4
vn -5.2741984e-2 -0.99847379 -1.6382145e-2
vn -0.99860818 5.2734721e-2 8.6451560e-4
vn 6.2964163e-7 1.6403387e-2 -0.99986546
vn -5.2741984e-2 -0.99847379 -1.6382145e-2
vn -6.2573493e-7 -1.6403313e-2 0.99986546
vn -0.99860818 5.2734721e-2 8.6451560e-4
vn -5.2741984e-2 -0.99847379 -1.6382145e-2
vn -0.99860818 5.2734721e-2 8.6451560e-4
vn -6.2573493e-7 -1.6403313e-2 0.99986546
vn 5.2741984e-2 0.99847379 1.6382145e-2
vn 4.8591867e-7 1.6400666e-2 -0.99986550
vn 0.99860814 -5.2735556e-2 -8.6452929e-4
vn 4.8591867e-7 1.6400666e-2 -0.99986550
vn 5.2741984e-2 0.99847379 1.6382145e-2
vn 0.99860814 -5.2735556e-2 -8.6452929e-4
vn 5.2741984e-2 0.99847379 1.6382145e-2
vn 0.99860814 -5.2735556e-2 -8.6452929e-4
vn 5.2741984e-2 0.99847379 1.6382145e-2
vn 0.99860814 -5.2735556e-2 -8.6452929e-4
vn 5.2741984e-2 0.99847379 1.6382145e-2
vn 4.8591867e-7 1.6400666e-2 -0.99986550
vn -0.99860814 5.2735556e-2 8.6452929e-4
vn -0.99860814 5.2735556e-2 8.6452929e-4
vn 5.2741984e-2 0.99847379 1.6382145e-2
vn 5.2741984e-2 0.99847379 1.6382145e-2
vn -0.99860813 5.2735729e-2 8.6445532e-4
vn 5.2741984e-2 0.99847379 1.6382145e-2
vn -0.99860813 5.2735729e-2 8.6445532e-4
vn 5.2741984e-2 0.99847379 1.6382145e-2
vn -0.99860814 5.2735556e-2 8.6452929e-4
vn -0.99860814 5.2735556e-2 8.6452929e-4
vn 4.8591867e-7 1.6400666e-2 -0.99986550
vn 6.2964163e-7 1.6403387e-2 -0.99986546
vn -0.99860818 5.2734721e-2 8.6451560e-4
vn -0.99860818 5.2734721e-2 8.6451560e-4
vn 4.8591867e-7 1.6400666e-2 -0.99986550
vn -0.99860814 5.2735556e-2 8.6452929e-4
vn 6.2964163e-7 1.6403387e-2 -0.99986546
vn -0.99860814 5.2735556e-2 8.6452929e-4
vn -6.2573492e-7 -1.6403313e-2 0.99986546
vn -0.99860818 5.2734721e-2 8.6451560e-4
vn -0.99860814 5.2735558e-2 8.6437571e-4
vn -5.2741984e-2 -0.99847385 -1.6378327e-2
vn 0.99860818 -5.2734721e-2 -8.6451560e-4
vn 4.8591866e-7 1.6400666e-2 -0.99986550
vn 6.2964164e-7 1.6403387e-2 -0.99986546
vn 0.99860814 -5.2735556e-2 -8.6452929e-4
vn 0.99860818 -5.2734721e-2 -8.6451560e-4
vn -6.2573493e-7 -1.6403313e-2 0.99986546
vn 0.99860814 -5.2735556e-2 -8.6452929e-4
vn 0.99860813 -5.2735729e-2 -8.6445532e-4
vn -5.2741984e-2 -0.99847385 -1.6378327e-2
vn 0.99860813 -5.2735729e-2 -8.6445532e-4
vn -5.2741984e-2 -0.99847385 -1.6378327e-2
vn 0.99860814 -5.2735556e-2 -8.6452929e-4
vn -6.2573493e-7 -1.6403313e-2 0.99986546
vn 0.99860818 -5.2734721e-2 -8.6451560e-4
vn -7.1168249e-7 -1.6404940e-2 0.99986543
vn -0.99860813 5.2735729e-2 8.6445532e-4
vn -5.2741984e-2 -0.99847385 -1.6378327e-2
vn -0.99860813 5.2735729e-2 8.6445532e-4
vn -7.1168249e-7 -1.6404940e-2 0.99986543
vn -5.2741984e-2 -0.99847385 -1.6378327e-2
vn 5.2741984e-2 0.99847379 1.6382145e-2
vn -0.99860812 5.2735899e-2 8.6453493e-4
vn -7.1168249e-7 -1.6404940e-2 0.99986543
vn 5.2741984e-2 0.99847379 1.6382145e-2
vn -7.1168249e-7 -1.6404940e-2 0.99986543
vn 0.99860813 -5.2735729e-2 -8.6445532e-4
vn -7.1168249e-7 -1.6404940e-2 0.99986543
vn 0.99860813 -5.2735729e-2 -8.6445532e-4
vn 5.2741984e-2 0.99847379 1.6382145e-2
vn -7.1168249e-7 -1.6404940e-2 0.99986543
vn 0.99860812 -5.2735902e-2 -8.6438134e-4
vn -5.2741984e-2 -0.99847385 -1.6378327e-2
g Shape_IndexedFaceSet.002_Shape_IndexedFaceSet.403_Shape.58
usemtl Shape.58
s 1
f 73//414 84//474 74//417
f 76//425 81//452 75//419
f 77//431 80//444 78//433
f 79//437 80//441 77//427
f 82//458 81//451 76//423
f 83//461 84//465 73//410
f 85//479 87//487 86//483
f 88//490 87//485 85//475
s 2
f 73//409 76//421 75//418
f 74//415 76//424 73//412
f 77//430 81//453 79//438
f 80//446 87//489 78//435
f 83//462 81//449 77//428
f 84//471 85//480 82//460
f 86//481 87//484 80//442
f 88//492 85//477 84//469
s 3
f 73//411 81//450 83//463
f 74//416 84//473 76//426
f 75//420 81//455 73//413
f 76//422 84//466 82//457
f 78//434 87//488 84//470
f 80//443 85//476 86//482
f 82//459 85//478 80//445
f 84//468 87//486 88//491
s 4
f 77//429 84//467 83//464
f 78//436 84//472 77//432
f 79//439 81//454 80//447
f 80//440 81//448 82//456
o Shape_IndexedFaceSet.003_Shape_IndexedFaceSet.404
#482 vertices, 960 faces
v -1.24343647 20.49999275 7.83714374
v -1.40047845 20.53408216 7.78899938
v -1.54521024 20.56605947 7.71043329
v -1.67206821 20.59469696 7.60446474
v -1.77617798 20.61889334 7.47516621
v -1.85353789 20.63771961 7.32750713
v -1.90117662 20.65045122 7.16716137
v -1.91726192 20.65659995 7.00029078
v -1.90117639 20.65592878 6.83330931
v -1.85353742 20.64846426 6.67263126
v -1.77617731 20.63449214 6.52443416
v -1.67206735 20.61455048 6.39441160
v -1.54520923 20.58940475 6.28756080
v -1.40047732 20.56002205 6.20798817
v -1.24343427 20.52753036 6.15875163
v -1.23354366 20.53118570 7.83765553
v -1.38107195 20.59526790 7.79000328
v -1.51703664 20.65488850 7.71189075
v -1.63620951 20.70775407 7.60631971
v -1.73401388 20.75183511 7.47734743
v -1.80668673 20.78543566 7.32993076
v -1.85143990 20.80726550 7.16973429
v -1.86655049 20.81648781 7.00291412
v -1.85143966 20.81274306 6.83588222
v -1.80668725 20.79618132 6.67505491
v -1.73401320 20.76743391 6.52661539
v -1.63620965 20.72760760 6.39626657
v -1.51703662 20.67823379 6.28901825
v -1.38107182 20.62120780 6.20899207
v -1.23354247 20.55872333 6.15926343
v -1.21775419 20.55984869 7.83812582
v -1.35010187 20.65149360 7.79092581
v -1.47207324 20.73651394 7.71323002
v -1.57898232 20.81164517 7.60802431
v -1.66672027 20.87399670 7.47935180
v -1.73191590 20.92117454 7.33215790
v -1.77206261 20.95136603 7.17209862
v -1.78561762 20.96340963 7.00532474
v -1.77206237 20.95684360 6.83824555
v -1.73191543 20.93191918 6.67728204
v -1.66671959 20.88959550 6.52861976
v -1.57898147 20.83149769 6.39797115
v -1.47207223 20.75985922 6.29035752
v -1.35009975 20.67743347 6.20991459
v -1.21775300 20.58738532 6.15973370
v -1.19667592 20.58488143 7.83853655
v -1.30875450 20.70059629 7.79173147
v -1.41204557 20.80780167 7.71439969
v -1.50258302 20.90237508 7.60951298
v -1.57688435 20.98068488 7.48110232
v -1.63209416 21.03972058 7.33410297
v -1.66609363 21.07721342 7.17416349
v -1.67757349 21.09172281 7.00743007
v -1.66609339 21.08269099 6.84031043
v -1.63209470 21.05046524 6.67922711
v -1.57688367 20.99628368 6.53037027
v -1.50258215 20.92222860 6.39945984
v -1.41204557 20.83114596 6.29152718
v -1.30875337 20.72653618 6.21072026
v -1.19667372 20.61241904 6.16014445
v -1.17111702 20.60532112 7.83887193
v -1.25862064 20.74069108 7.79238935
v -1.33926330 20.86600884 7.71535476
v -1.40994762 20.97645990 7.61072857
v -1.46795792 21.06779926 7.48253169
v -1.51106209 21.13651730 7.33569122
v -1.53760604 21.17997212 7.17584956
v -1.54656840 21.19649476 7.00914918
v -1.53760580 21.18544970 6.84199649
v -1.51106162 21.14726195 6.68081536
v -1.46795724 21.08339806 6.53179965
v -1.40994776 20.99631343 6.40067543
v -1.33926328 20.88935414 6.29248226
v -1.25861952 20.76663096 6.21137813
v -1.17111682 20.63285876 6.16047982
v -1.08011647 20.49317977 6.14174294
v -1.14206343 20.62038319 7.83911908
v -1.20162682 20.77023625 7.79287414
v -1.25652271 20.90890074 7.71605855
v -1.30463922 21.03105155 7.61162434
v -1.34412638 21.13199262 7.48358501
v -1.37346879 21.20784533 7.33686160
v -1.39153686 21.25569339 7.17709204
v -1.39763836 21.27369901 7.01041598
v -1.39153663 21.26117097 6.84323897
v -1.37346833 21.21858998 6.68198574
v -1.34412570 21.14759142 6.53285297
v -1.30463835 21.05090507 6.40157120
v -1.25652170 20.93224602 6.29318605
v -1.20162670 20.79617615 6.21186293
v -1.14206223 20.64792082 6.16072697
v -1.11062752 20.62948766 7.83926848
v -1.13996551 20.78809542 7.79316720
v -1.16700178 20.93482937 7.71648403
v -1.19070048 21.06405196 7.61216586
v -1.21014912 21.17079689 7.48422177
v -1.22460216 21.25096227 7.33756914
v -1.23350013 21.30146595 7.17784315
v -1.23650610 21.32036862 7.01118181
v -1.23349989 21.30694353 6.84399008
v -1.22460169 21.26170691 6.68269327
v -1.21014844 21.18639569 6.53348973
v -1.19069962 21.08390548 6.40211272
v -1.16700176 20.95817466 6.29361153
v -1.13996439 20.81403430 6.21215597
v -1.11062633 20.65702529 6.16087637
v -1.07801977 20.63228675 7.83931443
v -1.07600247 20.79358435 7.79325731
v -1.07414331 20.94279706 7.71661482
v -1.07251369 21.07419325 7.61233233
v -1.07117627 21.18272189 7.48441753
v -1.07018245 21.26421208 7.33778664
v -1.06957040 21.31553222 7.17807405
v -1.06936366 21.33471050 7.01141724
v -1.06957017 21.32100980 6.84422098
v -1.07018198 21.27495673 6.68291078
v -1.07117560 21.19832069 6.53368548
v -1.07251283 21.09404677 6.40227919
v -1.07414230 20.96614234 6.29374232
v -1.07600135 20.81952423 6.21224609
v -1.07801859 20.65982338 6.16092230
v -1.04549167 20.62866920 7.83925509
v -1.01219760 20.78648997 7.79314095
v -0.98151342 20.93249864 7.71644592
v -0.95461812 21.06108550 7.61211736
v -0.93254604 21.16730871 7.48416474
v -0.91614452 21.24708639 7.33750576
v -0.90604498 21.29735138 7.17777487
v -0.90263347 21.31617339 7.01111322
v -0.90604475 21.30282894 6.84392280
v -0.91614405 21.25783103 6.68262990
v -0.93254536 21.18290751 6.53343270
v -0.95461726 21.08093902 6.40206422
v -0.98151241 20.95584392 6.29357342
v -1.01219648 20.81242885 6.21212972
v -1.04549047 20.65620683 6.16086299
v -1.01429552 20.61877774 7.83909283
v -0.95100361 20.76708708 7.79282265
v -0.89267244 20.90432883 7.71598379
v -0.84154578 21.02523262 7.61152919
v -0.79958637 21.12515028 7.48347313
v -0.76840757 21.20024252 7.33673729
v -0.74920859 21.24762133 7.17695905
v -0.74272507 21.26546979 7.01028143
v -0.74920836 21.25309889 6.84310699
v -0.76840711 21.21098717 6.68186143
v -0.79958570 21.14074908 6.53274109
v -0.84154492 21.04508614 6.40147605
v -0.89267143 20.92767411 6.29311130
v -0.95100250 20.79302597 6.21181142
v -1.01429432 20.64631537 6.16070072
v -0.98562767 20.60299038 7.83883382
v -0.89477037 20.73611917 7.79231460
v -0.81103501 20.85937147 7.71524623
v -0.73764071 20.96801213 7.61059044
v -0.67740834 21.05786573 7.48236927
v -0.63265145 21.12547976 7.33551075
v -0.60508967 21.16825474 7.17565698
v -0.59578247 21.18454780 7.00895384
v -0.60508944 21.17373230 6.84180491
v -0.63265098 21.13622441 6.68063489
v -0.67740767 21.07346453 6.53163723
v -0.73764085 20.98786566 6.40053730
v -0.81103399 20.88271675 6.29237373
v -0.89476925 20.76205906 6.21130338
v -0.98562747 20.63052802 6.16044171
v -0.96059256 20.58191496 7.83848805
v -0.84566007 20.69477735 7.79163633
v -0.73973866 20.79935389 7.71426156
v -0.64689858 20.89162311 7.60933718
v -0.57070580 20.96804189 7.48089560
v -0.51408944 21.02567246 7.33387328
v -0.47922535 21.06230001 7.17391865
v -0.46745304 21.07651722 7.00718145
v -0.47922511 21.06777757 6.84006658
v -0.51408898 21.03641710 6.67899742
v -0.57070512 20.98364069 6.53016355
v -0.64689772 20.91147663 6.39928404
v -0.73973866 20.82269819 6.29138905
v -0.84565994 20.72071725 6.21062511
v -0.96059136 20.60945259 6.16009594
v -0.94015011 20.55636050 7.83806879
v -0.80556087 20.64465125 7.79081393
v -0.68152366 20.72658041 7.71306760
v -0.57280377 20.79900218 7.60781759
v -0.48357969 20.85913012 7.47910873
v -0.41727970 20.90465567 7.33188781
v -0.37645281 20.93382972 7.17181089
v -0.36266698 20.94552976 7.00503240
v -0.37645257 20.93930728 6.83795883
v -0.41727924 20.91540032 6.67701195
v -0.48357902 20.87472892 6.52837668
v -0.57280292 20.81885470 6.39776443
v -0.68152265 20.74992569 6.29019510
v -0.80555975 20.67059113 6.20980272
v -0.94014893 20.58389713 6.15967667
v -0.92508602 20.52730982 7.83759216
v -0.77601172 20.58766510 7.78987897
v -0.63862600 20.64385096 7.71171028
v -0.51820479 20.69370594 7.60609002
v -0.41937768 20.73531624 7.47707734
v -0.34594207 20.76708089 7.32963065
v -0.30072134 20.78778019 7.16941469
v -0.28545235 20.79661976 7.00258926
v -0.30072111 20.79325775 6.83556262
v -0.34594161 20.77782554 6.67475479
v -0.41937701 20.75091504 6.52634530
v -0.51820393 20.71355946 6.39603688
v -0.63862498 20.66719624 6.28883778
v -0.77601060 20.61360499 6.20886776
v -0.92508482 20.55484745 6.15920005
v -0.91597932 20.49587813 7.83707646
v -0.75815017 20.52601108 7.78886742
v -0.61269287 20.55434206 7.71024171
v -0.48519993 20.57978354 7.60422090
v -0.38056818 20.60135701 7.47487948
v -0.30281933 20.61823429 7.32718853
v -0.25494261 20.62976572 7.16682216
v -0.23877546 20.63550917 6.99994593
v -0.25494238 20.63524328 6.83297009
v -0.30281887 20.62897893 6.67231267
v -0.38056751 20.61695581 6.52414744
v -0.48519907 20.59963706 6.39416776
v -0.61269286 20.57768735 6.28736921
v -0.75814904 20.55195097 6.20785620
v -0.91597913 20.52341577 6.15868436
v -0.91318085 20.46327478 7.83654154
v -0.75266049 20.46205666 7.78781811
v -0.60472412 20.46149509 7.70871836
v -0.47505728 20.46161166 7.60228204
v -0.36864159 20.46240187 7.47259963
v -0.28956773 20.46383536 7.32465529
v -0.24087446 20.46585706 7.16413289
v -0.22443264 20.46838924 6.99720398
v -0.24087422 20.47133462 6.83028083
v -0.28956727 20.47458000 6.66977943
v -0.36864092 20.47800067 6.52186759
v -0.47505642 20.48146518 6.39222890
v -0.60472411 20.48484038 6.28584586
v -0.75266037 20.48799655 6.20680690
v -0.91318066 20.49081242 6.15814943
v -0.91679788 20.43075204 7.83600793
v -0.75975583 20.39826036 7.78677139
v -0.61502391 20.36887867 7.70719878
v -0.48816680 20.34373195 7.60034796
v -0.38405684 20.32379029 7.47032540
v -0.30669573 20.30981815 7.32212830
v -0.25905776 20.30235365 7.16145026
v -0.24297123 20.30168247 6.99446879
v -0.25905753 20.30783121 6.82759819
v -0.30669526 20.32056280 6.66725244
v -0.38405617 20.33938909 6.51959336
v -0.48816594 20.36358547 6.39029482
v -0.61502391 20.39222296 6.28432627
v -0.75975470 20.42420025 6.20576018
v -0.91679768 20.45828968 6.15761582
v -0.92669168 20.39955910 7.83549614
v -0.77916133 20.33707462 7.78576749
v -0.64319853 20.28004865 7.70574131
v -0.52402450 20.23067483 7.59849299
v -0.42622095 20.19084852 7.46814417
v -0.35354589 20.16210209 7.31970467
v -0.30879449 20.14553936 7.15887734
v -0.29368266 20.14179460 6.99184545
v -0.30879425 20.15101692 6.82502528
v -0.35354542 20.17284674 6.66482880
v -0.42622027 20.20644732 6.51741213
v -0.52402364 20.25052835 6.38843985
v -0.64319751 20.30339393 6.28286882
v -0.77916020 20.36301450 6.20475628
v -0.92669049 20.42709673 6.15710403
v -1.08011668 20.46510264 7.85301662
v -0.94248115 20.37089711 7.83502586
v -0.81013340 20.28084894 7.78484497
v -0.68816192 20.19842320 7.70440204
v -0.58125267 20.12678574 7.59678843
v -0.49351456 20.06868693 7.46613980
v -0.42831872 20.02636324 7.31747753
v -0.38817178 20.00143882 7.15651401
v -0.37461553 19.99487278 6.98943482
v -0.38817154 20.00691640 6.82266094
v -0.42831825 20.03710789 6.66260166
v -0.49351388 20.08428573 6.51540776
v -0.58125182 20.14663826 6.38673527
v -0.68816091 20.22176848 6.28152954
v -0.81013226 20.30678983 6.20383377
v -0.94247996 20.39843373 6.15663374
v -0.96355943 20.34586337 7.83461512
v -0.85148078 20.23174625 7.78403931
v -0.74818758 20.12713645 7.70323239
v -0.65765200 20.03605382 7.59529972
v -0.58335048 19.96199874 7.46438929
v -0.52813944 19.90781819 7.31553247
v -0.49414076 19.87559143 7.15444914
v -0.48266066 19.86655962 6.98732949
v -0.49414052 19.88106901 6.82059607
v -0.52813898 19.91856283 6.66065661
v -0.58334980 19.97759755 6.51365725
v -0.65765113 20.05590734 6.38524658
v -0.74818756 20.15048175 6.28035989
v -0.85147965 20.25768613 6.20302809
v -0.96355823 20.37340100 6.15622301
v -0.98911633 20.32542366 7.83427974
v -0.90161364 20.19165145 7.78338143
v -0.82096987 20.06892828 7.70227730
v -0.75028539 19.96196898 7.59408413
v -0.69227691 19.87488436 7.46295991
v -0.64917253 19.81102048 7.31394421
v -0.62262835 19.77283273 7.15276307
v -0.61366575 19.76178766 6.98561039
v -0.62262811 19.77831031 6.81891000
v -0.64917206 19.82176512 6.65906835
v -0.69227623 19.89048317 6.51222787
v -0.75028553 19.98182251 6.38403099
v -0.82096985 20.09227357 6.27940481
v -0.90161251 20.21759133 6.20237021
v -0.98911613 20.35296130 6.15588763
v -1.01817192 20.31036161 7.83403259
v -0.95860744 20.16210728 7.78289665
